0.119500100283
-0.44922543811
0.0956733422866
0.199856085422
-0.402397777732
-0.741861952808
2.43235071031
-0.853911926679
-1.58482748065
-1.13502528556
-0.93362365723
-0.976037559854
-0.661885199612
0.18996923001
0.102016487845
0.476441983249
-0.576739831368
-0.377432209695
-0.497684243095
-0.229584042086
0.0804412501892
-0.238930174579
0.259194830466
-0.163141671047
-0.490095126694
-0.849324491756
0.191806342158
-0.416565751113
0.936344450204
0.522370830166
0.395528588297
-0.594551712445
-0.136573849343
-0.406181443735
-0.269623769899
-0.147804509727
0.613107664385
-0.251512245167
0.323198903248
-0.913066527379
-0.201299483937
-2.10781726024
-1.4383097852
-0.0396530679723
0.219793824525
0.114746474417
-0.255059205128
-0.0184322192849
-0.141612031226
-0.794502830976
-0.757177120266
-0.412584252284
-1.24450363348
-1.10898836364
-0.731449415069
-0.530934724262
0.0634221965356
0.755643830606
1.37748393347
2.62066369196
-0.693387757167
-0.373071096892
2.56330418006
8.28498374516
13.9081409029
2.42898575174
1.3521366598
2.69020513792
1.65962532141
1.97884396919
0.201491074299
-0.611317225312
-0.437004249393
-0.247344925751
-0.254650010717
-0.165421747207
0.771948184609
0.471800947963
-0.310666959724
0.0909302685038
0.647754844662
-0.134182214367
NA
NA
NA
NA
NA
NA
NA
NA
