-1.0308550869
0.872322753498
0.680143625179
0.732865128524
0.951905702265
-1.31641115036
-0.338640479841
-1.16320281208
0.158724402563
0.784311744347
0.183040314446
-0.0403939836975
0.0920372202579
-0.0426430525415
0.00106794348991
-0.186159485802
0.200132645569
0.702085270484
0.808175045869
-0.356053244991
-0.477674330487
-0.289695239797
0.30716260175
0.118204021995
0.0543974505458
0.447189925787
-0.51698984578
0.0660213550679
-0.25220298933
-0.303800550049
0.0870181969822
0.36288922944
-0.501292930805
-0.156455769365
-0.816734198174
0.977435279139
0.144591017624
0.147648833707
-0.0238618419844
0.109644085453
0.303634266447
-0.631846572339
0.288257782005
1.85003742515
0.821732081399
2.43554354346
-0.253693736773
-0.0300817879138
-0.0730852498042
0.268605951635
1.24918426313
3.04359046922
-0.283837815777
0.367846291088
-0.983868263942
1.41158429108
0.359321685217
6.10279782384
1.60548943722
4.59517785609
2.79621874289
1.40469406837
0.374253096133
0.900084285826
1.14945329674
0.0941523613446
-0.00632337233795
0.446181655115
-0.168695659867
0.684634297297
0.969968941574
-0.0349283385604
-0.898134220695
NA
NA
NA
NA
NA
NA
NA
NA
NA
NA
NA
NA
NA
NA
NA
NA
NA
