0.65455880024
1.65629079548
0.778600870848
0.302273413653
0.156310464584
-0.159975258853
0.549728230149
0.571468078265
1.19441446738
2.71651411059
2.03717057359
0.0126507866614
0.48592197144
0.0858318341121
0.0282346018618
-0.00678995887993
0.052553924432
0.110107654643
-0.172122763812
0.0286553161279
0.0
0.0
0.0
-0.657807368141
-0.144106192161
-0.611750004011
-0.040573074354
-2.0893517187
-0.0217120058509
0.425253108146
0.22927892371
-1.30422210338
-1.99826531971
1.22760750035
-0.226335356415
0.230394527132
0.697958148349
-1.52410529845
-0.403382765749
-0.0673049813271
0.169502458881
-0.154971223481
0.528440074716
-1.07746612282
-0.00433872190787
-0.108167145694
-0.179108129438
-0.198999726326
-0.0626063376871
0.403535348912
-0.527252152267
-0.000753681563417
-0.429373334576
0.55393828991
1.49968260195
-0.149578173049
-0.469187939896
0.563956808708
0.658064808334
0.776233704714
0.027424813172
0.859522796658
0.979045151757
0.755161674442
0.185928929972
0.984296716922
-0.0260737481354
-0.05414696216
0.220850197461
0.008320803777
-0.512762723275
-0.154183735241
-0.373146146442
1.9545952765
0.361826370778
2.17290326728
0.723383207629
-0.154239632276
0.0769375660869
0.0294591261223
-0.332507205795
-0.275550361015
-0.0445870514657
-0.238782310735
-0.0836177537262
0.038931542502
-0.0930712205506
-0.165622999848
-0.158731707513
-0.00173490637113
