NA
NA
NA
NA
NA
NA
NA
NA
NA
NA
NA
NA
NA
NA
NA
NA
NA
NA
NA
NA
NA
NA
NA
NA
NA
0.686112944297
-0.164007623808
-0.260653199932
-0.935131203646
-1.06793001269
-1.86236935037
1.45109741633
-0.0563535365819
0.298448580214
0.606827657496
-0.110373496483
0.211818242529
0.896132355373
0.364004628519
-0.957409764352
-0.468963488657
-0.363062681057
0.185066009638
0.931901211338
1.33774965271
2.71630079841
1.03961321925
-1.06530171252
1.30185203464
2.73041214456
-0.0979475802742
3.96000809396
0.683061317079
1.94443676031
2.18481393482
0.650944034001
-0.0293077602878
-0.196253137681
0.139637627522
0.0995870360656
-0.196656539139
-0.472827834435
0.287815423366
0.156790463135
0.0
-0.163971374813
-0.0548413328697
0.0
0.170599654823
0.281016731177
1.10255190186
3.54680145905
0.977574319105
1.07540823476
0.731380651825
0.128674723158
0.29722990585
-0.0589878034025
-0.250503529223
0.268459708577
-0.067688288385
-0.0852301123833
-0.210858036071
-0.180271070989
-0.125766533514
-0.110375649902
0.235024572924
0.10956509576
0.754122966223
0.34100382633
