NA
NA
NA
NA
NA
NA
NA
NA
NA
NA
NA
NA
NA
1.12394135498
1.80732818664
2.42192919152
-1.47740186744
0.460131437261
-0.515688831055
0.758872315456
0.00385941233291
0.0
-0.518608532235
-0.206032233214
-0.103016116607
0.0250130680306
2.58476801669
0.813956091342
0.58459795085
0.801469670618
0.260207595168
0.524193547197
0.0811524852649
0.474533105884
0.303113566432
0.843432440411
-0.286046482123
0.514856766458
0.278005134981
-0.916751046668
0.0
-0.784040113894
-1.27982086039
0.676946663807
-1.35798238452
-0.302753422942
-1.46810220263
-0.13739541381
-0.988307568342
-1.67188414025
0.603591339049
-0.289301215386
-1.51266982941
0.288553662445
2.20097217026
0.608891393768
3.163920379
0.222953809471
1.62729528385
0.963924344405
0.301093516517
-0.128080435818
-0.367619677418
0.246449280174
NA
NA
NA
NA
NA
NA
NA
NA
NA
NA
NA
NA
NA
NA
NA
NA
NA
NA
NA
NA
NA
NA
NA
NA
NA
NA
