0.150729936907
0.000782816656199
0.107681632092
0.451260314203
1.17909842866
1.72640999915
0.262937185086
0.140777008102
0.0709253622559
0.165544917851
0.201529726322
0.114776875394
1.25930532327
3.95865505094
1.00191075486
1.28043139364
1.58177976404
0.179206409032
0.0538671977384
0.0532301515482
0.0807983771899
0.0532865385007
NA
NA
NA
NA
NA
NA
NA
NA
NA
NA
NA
NA
NA
NA
NA
NA
NA
NA
NA
NA
NA
NA
NA
NA
NA
NA
NA
NA
NA
NA
NA
NA
NA
NA
NA
NA
NA
NA
NA
NA
NA
NA
NA
NA
NA
NA
NA
NA
NA
NA
NA
NA
NA
NA
NA
NA
NA
NA
NA
NA
NA
NA
NA
NA
NA
NA
NA
NA
