-0.400097377817
-0.868835373583
-0.223321690178
-0.338137449233
-0.550976893762
-0.239362960231
9.11808046435
5.44359417219
0.615808041703
1.55603813287
-1.16265905747
-0.693847910406
-0.660093190599
-1.10417922929
-1.13918704975
-0.547339461046
-1.45321689054
-0.70028077024
-0.815942641407
-0.033192513014
-0.564772890151
-0.527230651792
-0.654201435957
-0.270808740665
-0.481846318801
-0.309350556781
-0.224455518968
-0.21937464345
-0.611637389453
-0.457359157866
-0.573754436909
-0.741101274055
-0.450132549153
-0.0372640340507
-0.665013627128
-0.625014906156
-0.513391211102
-0.757979308576
-0.710155271026
1.11330324632
0.392619883312
-0.917482963343
-0.907164782611
-1.33718199776
-0.616481922888
-0.457492161889
4.80582655667
-0.658157199895
1.75517626188
1.06250974736
-0.740392316584
-0.0675444041643
-2.06033066314
-0.938414718321
-1.54766149851
-0.689940165584
-0.0146147818096
-1.03586549208
1.31826924847
0.0
-0.00333778143238
-0.0588726306879
-1.16876917667
-1.20130072684
0.339540059582
0.808883963887
0.481760552329
0.610418245589
-0.115971189163
0.208566155187
-2.45604974621
1.56038236827
-0.343794863204
-0.310831942527
-0.337881414866
1.31292139977
0.19333158965
0.112493730701
-0.574639168866
-0.400062064252
-0.321276549194
-0.958406146021
-0.827161416959
-0.187225731147
2.12886351514
0.293775885691
0.852654714893
1.95855857465
-0.732804678985
-0.716805502041
