0.151980920951
0.583446923069
0.233292300808
0.0226239169725
0.0293133441014
0.91707458433
0.162426439207
2.4920985582
0.160423302896
0.185049974565
0.0287738507126
0.0165892193364
0.182076048383
0.241625005214
2.18502843961
2.7732428618
1.70427460972
0.375269986821
1.23065050346
0.163228911972
0.0865786284654
0.0667652407269
0.0286361377824
0.0186298829124
0.0444191047063
-0.00473893129883
-0.0542905353295
-0.0388222818705
NA
NA
NA
NA
NA
NA
NA
NA
NA
NA
NA
NA
NA
NA
NA
NA
NA
NA
NA
NA
NA
NA
NA
NA
NA
NA
NA
NA
NA
NA
NA
NA
NA
NA
NA
NA
NA
NA
NA
NA
NA
NA
NA
NA
NA
NA
NA
NA
NA
NA
NA
NA
NA
NA
NA
NA
NA
NA
NA
NA
NA
NA
