-0.0114452571081
0.00684315803501
-0.303040914576
-0.14835613926
-0.0202768530268
-0.371808598037
-0.202454868276
-0.073184642261
0.0724563362815
0.101439933771
-0.000326161257065
0.0323046890138
0.0511190537501
-0.0213652879097
-0.0399026552839
-0.0277341812687
0.0176186547764
0.0339760884864
0.165024297734
0.811011528411
0.810697087882
0.0812064583158
0.00200276756166
0.216623043746
0.278105144858
1.14187199549
2.71739971442
0.291767086582
0.176694480221
0.162039573963
0.165542513603
0.11575975032
0.281988327713
1.4540234544
6.08997224909
0.82627789828
0.707450511036
1.32784511814
0.0473704597538
0.0856909295696
0.0397969230915
0.0123768187652
-0.00480113681029
NA
NA
NA
NA
NA
NA
NA
NA
NA
NA
NA
NA
NA
NA
NA
NA
NA
NA
NA
NA
NA
NA
NA
NA
NA
NA
NA
NA
NA
NA
NA
NA
NA
NA
NA
NA
NA
NA
NA
NA
NA
NA
NA
NA
NA
NA
NA
