NA
NA
NA
NA
NA
NA
NA
NA
NA
NA
NA
NA
NA
NA
NA
NA
NA
NA
NA
NA
NA
NA
NA
NA
NA
NA
NA
NA
NA
NA
NA
NA
NA
NA
NA
NA
NA
NA
NA
NA
NA
NA
NA
NA
NA
NA
NA
NA
NA
NA
NA
NA
NA
NA
-0.349139321428
-0.34803094263
-2.6499282205
-1.02903379672
-0.953302147204
1.02624508724
1.59725236175
4.17916549397
-2.63416018556
-0.710873217373
-0.576755823487
1.41424005844
-0.355131868942
3.58281768089
4.09143558427
4.73860515498
-0.638193298233
-1.06144232653
-0.411194316535
0.00151778688811
-0.677159246203
0.487565865002
-0.438518987714
0.271032563017
-0.873104464674
-0.371998397394
-0.303602459367
-0.844930612165
-0.131738985337
0.634862921934
0.120844077302
-0.0288603068116
-0.509865330953
-0.108329789455
0.174015471315
-0.217951783158
