-0.233248892876
0.872386544009
-0.590932553493
-0.0512275394473
-0.112882522404
-2.00864142973
-0.981846811559
-0.451446650476
-0.578375365185
-0.224733915387
2.50032324392
4.31855793676
2.95896691276
-0.274269738111
-1.45101864031
0.206781875424
-1.1270716914
-0.0134331088195
0.463627905265
0.470848436402
1.58229858852
0.407723209265
0.697958080411
-0.560518610293
2.83408393815
6.46841103419
2.25204097754
5.6235311653
-0.100346097383
-0.0840474986477
0.0554267720553
1.16271793632
-0.0384325927142
-0.0291797964464
-0.101861287644
-1.23766857378
-0.320887880356
-0.194622576737
-0.0564531962641
1.10524376913
0.745207568627
0.439151980891
1.98602995447
-0.607837123537
-0.475791145464
0.20187021526
-1.65908707647
-0.820570277467
0.910237139987
-0.220475566998
-0.132622157197
-1.61998587976
-2.30978016364
-0.305845523367
-2.23845379288
-0.944858101983
-1.14338533596
-0.532929672888
-0.256114253038
-0.0909795675271
0.667909478867
7.05204142178
4.56177499544
4.90774505708
0.599185835847
-0.202400040769
-0.0904928866335
-0.898708091855
-0.245965772919
-0.226175676806
0.0767332713435
0.558534046463
1.650885948
0.650953597251
0.109765541073
0.0108292499049
-0.140270033787
-0.513079249431
-0.208924431204
1.45424846407
2.09507896192
0.196986761643
-0.131551653428
-0.936795241903
2.52124319085
2.01474144893
0.247499425646
0.0295307167168
0.103905044564
-0.237020573532
