0.0511857147105
0.0
0.0637900579005
0.703086484397
0.922496070144
0.375301553998
0.0381510914263
0.70920586389
1.01439981475
3.15031314382
6.72564635063
0.352433052186
0.00324346793812
0.125372831976
-0.0697756622919
0.511852960367
0.835273026927
5.53072490025
20.9440784862
3.71203747326
-2.40866814195
0.714934078426
-0.0495824373583
-0.016810110731
-0.362547873706
-0.330656047003
-0.0597681594964
0.0442129964056
0.0
-0.121517369502
-0.0351983340344
0.0421927689859
-0.0460097975889
-0.0301316951164
-0.00517107368049
-0.0767979005832
-0.0606086492393
NA
NA
NA
NA
NA
NA
NA
NA
NA
NA
NA
NA
NA
NA
NA
NA
NA
NA
NA
NA
NA
NA
NA
NA
NA
NA
NA
NA
NA
NA
NA
NA
NA
NA
NA
NA
NA
NA
NA
NA
NA
NA
NA
NA
NA
NA
NA
NA
NA
NA
NA
NA
NA
