NA
NA
NA
NA
NA
NA
NA
NA
NA
NA
NA
NA
NA
NA
NA
NA
NA
NA
NA
NA
NA
NA
NA
NA
NA
NA
NA
NA
NA
NA
NA
NA
NA
-1.13918917312
-0.562901481931
-1.68793869536
-1.48231425569
0.327973364125
-2.04201573828
-0.26936738237
-0.653873805959
0.104423094522
-0.514695607908
-0.672557614774
-1.83790857827
-1.49237471262
0.19928109345
-2.01898186656
1.72181636379
-0.469672237253
-0.530117586948
-2.10274264164
2.85577428452
-0.737371666528
-0.530939038411
-0.678263602773
-0.446082014497
-0.367347966493
-0.106395524743
-0.301221460731
1.80801470534
0.242230217637
-0.174762170751
0.030774680943
0.913688915712
1.16795211093
0.774998724512
0.0574748291193
1.41852735315
-0.391533405518
-1.24655043922
0.480330885657
-0.261092667323
-0.371455324066
-0.580098002174
-1.50574408957
1.11789795868
-0.562028904438
0.501495692022
-0.0670529905463
0.021209093575
-0.628772881068
-1.42396540559
1.45556155812
4.00511525811
0.0130302005088
0.25565492515
-0.0310804079751
-0.122480786662
0.209780937878
