NA
NA
NA
NA
NA
NA
NA
NA
NA
NA
NA
NA
NA
NA
NA
NA
NA
NA
NA
NA
NA
NA
NA
NA
NA
NA
0.757278131189
NA
NA
NA
NA
NA
0.547802735314
0.435625082492
-0.912440838526
-0.294629148209
NA
NA
NA
NA
NA
NA
NA
0.386722286373
-0.66318962981
0.0849078876999
-0.314436149769
1.75168794053
0.828550757498
2.31623143417
0.485308543318
-0.674000022946
0.371868801897
0.0618684439036
-1.62735350737
-0.383755849458
-0.449634876935
-0.303373539851
-0.0278285697365
-0.287012058507
-0.442948013358
-0.497909726036
-0.236080610365
0.947127511855
0.304734456197
1.18377756083
0.604349414153
-0.237618341217
0.266249126242
-1.00720096293
1.18588403664
2.08728060787
5.43491950318
3.32488144236
-1.19643390494
-0.242225100251
-1.25691713552
-0.446535284451
-1.34294648959
1.29382730277
-0.222581450707
0.691807211656
-0.928125019856
0.0
-0.183219935316
-1.03839485683
-0.167236873774
0.790943081401
-0.418182913785
-0.877132979794
