NA
NA
NA
NA
NA
NA
NA
NA
NA
NA
NA
NA
NA
NA
NA
NA
NA
NA
-0.109949003817
-0.396168804741
0.602816435487
0.0494903515855
-0.333802677273
0.33386916368
0.167207387191
0.219389754357
-0.303308014892
0.163182935232
0.189350056699
0.364153846752
-0.167766112412
0.173013973376
0.392033000913
-0.335967415777
NA
NA
NA
NA
NA
NA
NA
NA
NA
NA
NA
NA
NA
NA
NA
NA
NA
NA
NA
NA
NA
NA
NA
-0.348640247509
0.44620477766
1.58551942902
NA
NA
NA
NA
NA
NA
NA
NA
NA
NA
NA
NA
NA
NA
NA
NA
NA
NA
NA
NA
NA
NA
NA
NA
NA
NA
NA
NA
NA
NA
