0.212746499963
3.80121478645
0.128569133618
0.201108541847
-0.870476438573
-0.692181499532
-1.23052400278
-0.162688380829
-0.00359836815682
-0.785765739058
-0.910101283855
-0.200870390272
1.75032605914
0.123414847033
-0.291433085577
1.95531138032
-0.971481567161
-0.722271233575
0.374057399794
-0.138361611432
-0.920752474508
0.0205705770198
-0.0995640823972
0.0412599932388
1.6758268017
2.29240016182
0.355991663342
-0.788156142826
0.487027507039
3.97624436903
0.0288028554377
0.510014989674
0.951846977763
-0.582026496118
-3.17852456951
0.113069205395
-1.97403990266
0.151478631575
0.00652313603682
0.0
0.0
0.0
-0.870259196298
-1.06024835075
-0.316372156482
-0.404464282938
-0.302376807593
-0.406470452348
0.0862522190601
0.997573396697
-0.122853904098
0.503425734896
0.69792850588
-1.93039589327
-0.669496094671
-2.97548640496
1.05003287731
2.88615651622
0.697581712545
1.13896966553
-1.51008664739
-0.140979548665
-1.32991828587
1.00120999472
-0.168417954287
0.515100495226
-2.15908607544
-0.413848784025
-0.0583701819462
0.170390725438
0.642380991291
0.448202012345
0.0245564129514
0.0450100734105
0.873632107157
-0.761647101972
-0.0952520962525
-0.0550262279372
0.790221063351
-0.420855373194
-0.519027348044
-0.0722522445606
-0.742599603897
-0.0257923905852
1.55900177979
0.288371134845
-0.256655516303
0.189506125971
-0.178100848808
0.112820461341
