-0.0553895177638
-0.0902803465481
1.14476392442
0.500546562605
1.29762200662
-0.641829397564
-0.287233446413
-0.369213536536
-0.494185428567
-0.85819749233
-0.53943842375
0.848445248099
-0.015439130671
-1.03484488209
0.377935116139
-0.590390167301
-0.431725881346
-0.0137177217658
-2.66316683843
-1.59960731161
-0.64954902159
-1.17641568014
-0.938952314278
-0.382757254782
-0.260612516135
-2.26473447829
-0.293423790247
-0.0792839495154
0.33277045621
-0.516789838717
-0.725307573131
0.0958482989243
0.182409214927
0.16254241527
-1.10734215828
-0.220810400871
-0.8273785687
0.199985224694
0.793996510987
0.898211610022
0.0
0.0
0.0
-0.369334245293
-0.218999951963
-0.111942957583
0.103598961617
0.797143736595
1.27342187345
-0.0783812620484
0.132322128896
-0.232498518036
0.63055327444
0.371014203983
-0.0336048017936
-0.641801840233
1.76756962454
0.0916963660173
-0.203988728666
-0.0197534167393
0.256932318141
0.0760600709288
0.3608527269
0.490888930132
-0.24984042637
-0.0320780238547
-0.306425839044
1.22351554821
0.204655838424
0.640374015651
0.927255472902
1.18087608034
0.11649629317
0.937426598927
0.0507723161848
0.510074668054
0.00436573061458
0.642340414134
0.491202165433
-0.568920311781
0.475875004292
0.101451668816
0.861788433158
-0.00577860741837
-0.690931276934
-0.128552951877
-0.274319133433
-0.383885986386
0.0746541328469
0.0349424040401
