0.724056976942
13.5631449709
1.40726415332
0.293810969198
-0.12066971462
2.34133618314
0.715666768593
0.868940888233
9.24183764841
16.8249021971
10.4425062324
2.09043126
1.56935428701
0.248052764369
0.0812755194072
-0.298344467638
1.01211211469
0.00282747552875
-0.183815506303
-0.0617288738394
0.167079888867
0.995116377012
0.221511984906
-1.02649275339
-0.0606924142514
0.488599722125
0.458632597332
0.00454273093841
0.256390076417
-0.21032653063
-0.168647916539
-0.178532433132
-0.164798788034
-0.114011498118
-0.354945805574
-0.277526975091
-0.799694708402
-0.097473426354
-0.175206175323
-0.455456591337
-1.26693918851
-2.30311329986
-0.42432564946
-1.26021354773
-1.04795053445
-1.4450546235
0.0085292372636
-0.451047117217
-0.711598394126
-0.426336106142
-0.896719234721
-1.58528860775
0.243675590537
-0.852400235745
-1.16354785659
-1.11439537398
-1.74270976835
-1.75152731616
-2.88885850307
-4.66555265985
-1.10339355365
-2.34854784665
0.732309580201
-2.87695350175
-1.58454483476
-2.03960466624
-1.71304568408
-1.7893027753
-1.65060650931
-0.142639700928
-0.707207955384
-1.79248265538
-0.741600608804
-0.912474904651
-1.14587039411
-2.15594655925
-2.33018041755
-2.32810834099
-0.249768386797
-0.831742428373
-0.564056066474
-1.17668869248
-1.26147247932
0.519279195239
-0.54227966199
-0.311282504804
-0.306797296708
-0.838353732864
-0.593313710349
-1.55523713939
