0.0187379281555
-0.200489574197
-0.391485958153
0.022159207892
2.16912613886
1.30665524192
-0.182694122638
0.578115036042
0.887106691083
0.720738401345
-0.0483075182745
-0.223111712919
0.215285454237
-0.113086861573
-0.13378869632
0.158846506497
0.369270986057
0.0408638645005
0.0125866888782
0.0337245575845
0.225491369985
0.18738195153
0.185703698497
1.80963816986
4.43239273668
0.989976686958
2.34815226177
1.19862839478
0.239395628384
0.116839408075
NA
NA
NA
NA
NA
NA
NA
NA
NA
NA
NA
NA
NA
NA
NA
NA
NA
NA
NA
NA
NA
NA
NA
NA
NA
NA
NA
NA
NA
NA
NA
NA
NA
NA
NA
NA
NA
NA
NA
NA
NA
NA
NA
NA
NA
NA
NA
NA
NA
NA
NA
NA
NA
NA
NA
NA
NA
NA
NA
NA
