2.35773696292
-0.667199125286
3.69403125847
-0.398099069535
-0.559574588327
-0.98978833973
-0.679442486697
-0.953639929462
-1.66346263985
-0.681029094563
0.304108480023
-1.21581986965
-0.35596812645
-0.154522919394
0.0895428873907
-0.520160860781
-1.80767002376
-1.35754348281
-0.0350848314894
-0.0684280529655
-1.60138396857
0.273689365957
0.24015633872
-2.55242699396
-2.50582973634
-0.274584188238
2.02679790065
-0.540234452786
-0.738742725149
-0.778406540549
-0.513275211173
0.545190675691
0.282116698093
5.05238031605
-0.104738350234
-1.09453054514
-0.273643204823
0.0306121207185
0.0
0.0
0.0
-0.238935160756
0.0226290512463
1.95851105914
0.387752765927
0.95708089828
0.110495706753
0.31669828619
-0.983768227865
0.258447585287
-0.990627836257
0.265613739882
-0.229110579362
-0.206270731114
5.1155947849
-0.024308445742
-1.01285301834
2.03899618282
1.28466437082
0.0854003338816
0.183599621106
1.54693989454
-0.54059418695
-0.253085602189
-0.055712848032
-0.211953272296
-0.379800966374
2.04371806087
-0.670226092149
-0.135502124306
0.1927959573
0.703772655319
-0.858663519273
0.478381412766
-0.393463524347
1.45880046201
-1.10897509323
1.99208239694
0.00481515987429
-1.34164702362
-0.814989990546
-0.618559201186
0.199431275603
-0.731923561532
0.201544800672
-0.634766888381
-0.344492978355
-0.753007779354
0.443116116312
-0.845549844106
