0.776266571502
-0.0386565259693
0.577317614747
-0.575512641248
0.357452912681
-0.930584322675
0.332369467078
-0.0836473105198
0.238070826913
-0.0471048991932
-0.00959328075837
-1.1045794758
0.408092374044
0.156315581293
0.61429769578
0.0538948013143
0.0262106991355
0.171310313619
1.04841242778
0.452427714576
0.870354473357
1.00978027032
0.512242281335
0.0560362773298
0.0153526436765
0.172419749738
0.298815713995
0.107071027806
0.72190317537
1.04190585949
0.870591896067
0.86422141812
0.982325469254
0.783075055235
1.12866929527
1.60277663353
-0.100568352879
-0.174699731864
0.145613836148
-0.482143139297
-0.366016615731
0.466169516217
0.086747108673
-3.7822494787
0.400756224481
-2.34065557091
0.357803439578
0.89591398125
-2.0463362197
0.179765250743
1.08607605042
0.643459833836
0.38135928603
1.49287527517
-2.21427517157
1.04436960423
1.27886688162
0.108484668003
-0.113875502437
0.223475204477
0.0240681100269
-0.145536448756
-0.200896086913
0.0106453487874
1.39126379903
0.0271233578403
-0.0437719877333
-0.0342226039048
-0.0115929850103
0.00339119146214
0.0830096751139
3.09486047237
7.68768193629
3.53750238745
2.01968157862
2.94399969911
0.00193451061865
-0.00461992196886
0.2077527632
0.0747098984636
-0.0651092967325
-0.299346979496
-0.0263408829244
-0.379497334898
-0.106486558871
-0.0428166246233
-0.176278743699
-1.42446898698
-1.73065588258
-0.809187690912
