-0.241289483385
-0.583894216351
-1.66318010856
-0.175889683275
-0.6817407673
0.0644009202833
0.152530668722
0.446179958466
-0.934665454664
-0.439265317276
-0.262600518105
-0.888278521863
-0.187738574402
0.200009681184
-0.508377892825
-0.159612994124
-0.0884447200875
-0.190094135619
-0.0494636811011
-0.104990604179
-0.977227143522
0.165563775298
-0.122162442927
-0.0206675608776
0.765775299352
0.231790754808
-0.519900558322
0.617549036008
-0.463330258392
0.396056571316
0.525448251767
2.01180893611
-0.685307753821
0.484882749783
-0.486078961367
-0.255699038055
1.02787323385
0.892009213344
0.0618689630228
0.249420054476
0.150360539954
0.307881384378
0.399712970505
0.00294517234143
-0.946769590249
0.102887670201
-0.521455412833
-0.144229864885
-0.155052677822
-1.12633603496
-0.986129186703
0.216560703491
-0.100771782912
-0.274172617623
0.599051096892
-0.831712807489
0.39415787845
1.00781395223
0.11904068311
-0.657370016867
-0.220948296476
-0.383233347485
-0.700034049536
-0.222060783614
0.534520581756
0.777751157578
0.443881053646
-0.365923572191
-1.03524464961
0.72472856733
0.325519081714
0.719808594961
0.699387112299
2.0900831325
2.44706799224
2.14923977866
2.19350734979
1.88533510585
0.715171612784
0.486719784294
-0.0489309068213
-0.157176777845
-0.273026072921
0.214036289862
0.201441310148
-0.73288969934
-0.0222102404389
0.0436757333378
1.0103394064
2.69357781431
