-0.505369907906
4.97080538391
2.78490465445
0.285801244998
0.0580565393592
-0.641395478441
-0.191892287227
0.625310933256
0.038154112517
-0.749791816424
-0.150514869114
0.200589626429
0.464043466543
0.00104131311796
-0.159852992654
-0.0669257335648
-0.0688455957719
1.68970359513
1.30369620443
3.20961377068
1.76613418945
-0.0942643752623
2.8285246686
0.0752964126218
-0.15630331342
-0.00129487096047
0.151686394073
-0.463430695352
-0.0324245257517
-0.251307987514
-2.00689400774
-0.577950063164
-0.0348721563482
0.148503593223
-0.00891196864464
-0.382107745265
-0.0889492683665
-0.1984466147
0.0715372469435
-0.0234532393143
-0.201655577014
-0.105294146577
-0.886163031908
0.536900966375
0.425611206857
-1.2526602706
-0.111590900314
-0.20436015573
-0.156301373256
0.855150238748
1.06936926261
0.40029726452
0.131239242014
0.133342438887
-0.302671209072
-0.100890403024
0.14897510014
0.385771744585
2.03923371058
1.33339533325
2.15788429121
1.39478432581
-0.522713475482
-1.69858046427
0.24351647426
-0.610660963773
-0.485418317654
1.22279295199
-1.00466446535
-0.275228349182
0.102291658621
-0.982614056551
2.94502081401
-0.295588736191
0.00432218275865
0.412292280774
2.62026185509
2.18582283455
-0.212247821923
0.0794062713526
0.28110684812
-0.191820298368
0.043094391577
0.975413677298
3.29172541845
4.14450644729
3.47784938254
1.63086297483
3.16879656808
-0.0886782893054
