-1.35843650293
-0.925974437565
-0.0732688670377
-0.400532482212
-1.36946013315
0.0670297693078
-0.3253810216
0.260161597441
0.399870433138
-1.5346619825
-0.169200721387
0.149837661673
-0.727470643817
0.349396664287
0.817785020905
0.509782699519
0.220128268178
-0.589128272342
-0.137387370559
-0.93307154006
-0.325870385656
0.239169144582
1.02726727618
2.22234198002
2.45950951706
2.89933445542
3.39786468119
1.18486977082
1.65384837705
-0.0306266846553
0.657881576058
-0.175878752279
-0.00666586373904
0.044061658389
-0.300436671739
0.50527669966
1.30861582001
2.05750198807
0.164871913398
-0.118011390862
0.120474838124
-0.203506850377
-0.0560588958935
0.298981712988
3.53822657457
2.90614732405
1.50334821675
0.363169123749
-0.252112484311
-0.817705650075
0.14999564123
-0.21046221717
-0.854214816956
1.07333583312
1.28410477548
1.486272832
1.2366771916
1.31868781612
0.992150609872
0.159815045063
-0.0413746637235
-0.282729021517
-0.951175393159
0.0449536410506
-0.203717288629
-0.934416342668
-1.23526564559
-2.34308251324
-1.24144006666
-0.15523716782
-1.66445096675
-1.11484839897
0.641535460375
0.540719582147
0.268907348927
-0.169527744846
0.0
0.0
0.0
0.0
0.0
0.54931379105
-0.0724544392107
0.290589836032
0.66296202655
0.0268897424972
-0.00430225154095
2.08761480981
1.64548586536
-0.481948989258
