NA
NA
NA
NA
NA
NA
NA
NA
NA
NA
NA
NA
NA
NA
NA
NA
NA
NA
NA
NA
NA
1.41125593318
0.510571916217
1.42335856469
-1.48173571297
0.212757845833
-0.502950037583
-0.48941308005
-0.272475746134
-0.28293028793
0.830235538347
0.111944057462
-0.111425797937
0.628794281395
0.0
-0.791138619692
-0.529998554981
0.0
5.55924557251
-0.441120074059
3.85287399185
0.673970765186
-0.668891982326
-1.11335873922
-0.612211540857
-0.248837458457
0.309398262487
0.379681659809
-1.92074664286
0.386270440372
-0.489978603108
0.448502389148
2.14061502463
1.93433852498
0.115471908989
-0.166013321232
-4.65999066326
0.450470719587
-0.26499927749
-0.36863352194
-0.583356437735
-2.13229068492
-1.52691333954
-1.09195682182
-1.0308583855
0.111428637086
-0.522245180091
-0.0569160289951
-0.25152220987
0.492149553496
0.565883873808
-0.535490528861
0.0
0.0
0.0
0.123496080392
-0.691674678385
0.249700551046
1.18926913966
2.4122563428
-1.6810672762
1.20513751884
-2.97950798233
-1.695773919
-0.358241395137
0.50402612242
-1.77979605472
-0.842220162379
-0.597546753959
-0.0648805143412
