0.0423903489079
0.0908646435925
-0.20435299143
-0.629908625393
-0.673748492273
-0.134310707049
-2.44482935816
-0.297517929845
-0.290384146354
-0.670596763684
-0.11411387014
-0.0678207801524
-0.0667430110859
0.342715469111
-0.145939345851
0.676227161548
0.0874538380226
-0.0901183253825
-0.121118633528
0.0
0.0
-0.0187040657495
0.140896260431
0.161821801499
0.284904128663
0.116547655124
0.0620551538022
-0.209349629331
-0.116269762142
0.29859444672
-0.581313077381
-1.47489193804
-0.334713997024
-0.0289479930621
0.293201378773
-0.115650140671
0.58254159559
0.322761041893
0.479045082432
-0.0833483593939
0.266167641633
0.327613087415
0.263047823988
0.714294420819
0.262120529958
1.2308839616
1.02145461321
1.1748518643
0.272955688615
-0.639028793887
-1.12099314953
1.31844636256
0.00273047706777
0.483040517006
1.30055703721
1.21788299878
1.51234630461
1.77178837268
0.652467714266
1.9164962895
3.46540570832
2.25727512045
1.44215319878
0.191242857834
0.876650242288
0.0998383941197
-0.79589098176
-0.03795677299
0.193215033804
-0.0419646900592
0.0907242685031
-0.0744858321454
-0.535223065908
-0.188831319659
-1.99654474129
-0.094753531988
-0.0728218935463
-0.0756362013904
-0.181335343179
-0.00111979859403
-0.485163683058
-0.303158905887
0.271604246224
-0.611204039573
-0.0246292959931
0.0187836946511
-0.107839862769
-0.567158968445
-0.225285873832
-0.224191547878
