0.381468462008
0.0350735036165
0.283447524768
0.0521508261442
-0.18322268986
-0.0921421174963
0.070974814343
-0.207448022249
-0.00411579455211
-0.00459877957923
-0.930196018891
-0.384910508637
-0.864611811188
1.50035183772
-0.292706677544
-0.196342339258
-0.19707223643
-0.0736773174687
-0.00209254091733
-0.111673841521
1.02239497054
6.14069941489
1.33811853924
-0.202594702633
2.29120941224
0.727146896429
0.985283180404
-0.768183654619
3.87708322265
1.49193185165
0.471382770721
-1.60826568393
1.35603876193
1.13145600152
10.6082647664
1.67869741808
0.751829744159
1.64917333738
1.52821084867
0.664134888401
-0.149452568116
0.289024360885
0.179096052701
0.0
-1.05136689164
-0.511395115154
-0.416190108062
0.546344202148
0.476944240143
-0.081122134413
-0.623531439263
0.190401911696
0.0981503673467
0.466182587321
-0.0890753064005
-0.363513816683
-0.181342411401
-0.0906712057005
-0.0912958064286
-0.552212829162
0.298950541165
0.283643297591
0.185928973104
-4.2211651824
-0.512880009739
-1.16939187352
-1.14693222222
-0.811964615549
0.0161892179649
-0.409889935048
-0.521348408408
-0.568404736506
-0.026908851955
0.236719002737
0.0380374065321
-0.209772770454
-0.0793222670295
0.325941697985
-0.54317059268
-0.454937464453
-1.14722839725
-4.185654056
-0.271915705907
-2.19238677585
0.914765359544
-0.143019149999
-0.914458473815
-0.0809783536758
0.0749009627749
-0.51492186105
