2.82251370416
0.489254716076
-0.0198738039868
0.0986484591404
0.0548524962168
0.156767220973
0.62860131818
0.685137724797
0.478826486644
0.840761761001
-0.700712318703
-0.15047567407
-1.22652197043
-0.0974576378214
-0.103429662604
-0.247457860537
-0.179626349426
-0.602119267259
-0.53499750347
0.448250871096
-0.124976811275
0.10288941918
-0.198053812151
-0.0266383104653
-0.215792582311
0.484768177271
0.314429415652
0.938698454949
0.2158502942
0.519329820667
-1.10801962559
-0.581041722484
-0.135008881379
-0.471462320967
-0.928514315545
0.149151518947
1.14537140721
0.078804160428
0.00820273314193
0.0271376872903
-0.0311533785416
0.183994902418
0.160443869605
3.06236897723
5.77090855391
2.56416761584
1.87273228501
2.0420127158
0.54323987746
0.293846263459
0.111562115667
0.118632019221
0.0612251930437
0.387696365297
0.233296973126
-0.514060478722
0.396262650842
0.191112079885
0.72334066857
0.440237506158
0.27883136456
-0.320259459751
-1.47131673357
0.103644350865
-1.26148584084
-0.444268509649
-0.557590536333
-0.66271683984
-1.02084239869
-2.89156014169
-0.439180746733
0.13215863253
-3.32030753008
-0.0679380784782
0.432586646526
1.93225178745
1.53868120884
1.64927795767
1.16748652342
0.407890113854
-0.327379030726
-0.569598263873
0.144078132699
0.863447263274
1.00419211816
0.148403511398
0.373043355257
0.492035226466
0.00118142460839
-0.128618170525
