0.445275041726
-0.387004428767
-1.05145722012
0.0603272814937
-0.199135399249
0.460041958121
-0.438097878347
-0.109025315224
0.890036903662
-0.135216492079
-3.41195876824
-0.443288440671
0.612252562753
-0.5284297483
0.796388696713
0.0248321887318
-0.232223136331
-0.900981505197
1.75671469869
0.683490877344
-0.853166071603
-2.19202670545
-0.755649227139
-0.82301624545
0.628494602858
0.0688215981408
-0.708211646641
-2.70596924059
-1.33633900949
0.382704969528
0.392649518364
-0.0630170125048
0.137940396255
0.0648520713752
1.58518615609
0.994543563586
0.304534980925
0.20506030074
-0.0145727055993
0.16281672999
1.01774914097
0.266600650525
0.902125468413
0.409410892633
0.556871080921
1.44845182891
1.3677858899
0.620343446788
1.75757063992
-0.153926281581
0.795682691382
4.24037720043
1.81557938322
0.170604551269
0.48520473968
-0.881429377683
1.81355609366
0.942618148137
-0.222700357371
-0.916569930842
0.215013864658
-1.30003291891
2.55437003082
0.992257047733
3.07884145912
4.20560032844
0.1341707584
0.305329243284
-0.68096012551
1.17139912578
-2.86164399902
-0.0584220949893
1.41726388272
0.257336695095
0.199460838128
-0.0215135759733
-0.156123454067
0.00023453472589
-0.0904906966464
-0.0226494970361
0.248522349609
-0.0342058403514
0.0
0.317285371505
0.0
0.0081270733735
0.124362703294
1.16190116908
4.13632170358
0.541941228021
