-1.26062693932
-0.744907326274
-0.558385018879
-0.245072545686
-1.88388304652
-0.996713552536
0.260737524377
-1.14465217677
-0.480969384229
-0.713561896708
-0.866085236848
0.139405095523
0.176537743297
0.667883134681
-0.188766681235
0.540126774092
0.819053852838
-0.0693461869641
1.08345400796
0.0742394800532
0.711440165153
0.0780209087134
0.0898491684287
-0.0415984471766
-0.478104501531
0.00106882634276
0.859883455071
0.225237019081
-0.0353512425317
-0.106362557621
0.264798450743
1.17034413795
1.21077765835
0.12646586607
-0.0768312614083
0.323125510698
-0.449001899871
-0.246687794057
0.217252910229
0.11133191378
0.109206988999
1.02212932712
0.181222871043
0.779438117564
0.113010217472
-0.160814539553
-0.0839297638995
2.06505540289
0.428983986509
1.68982758888
1.07845581523
-0.068625539915
0.0437710436717
0.0
-0.00731212886703
0.0978029719733
1.26913578162
1.1455465684
-1.01021971429
-0.0224689240544
-1.79190896949
-0.138547665448
-0.0214233516284
-0.402433514212
-0.0683722228776
0.252284735885
-0.140125591809
0.257579890256
0.405801436033
0.270625259718
0.110523033619
-0.205671365068
-0.70595959811
-0.219909874345
0.474276713123
1.19437201411
-0.382271492932
-0.293352164247
0.155414555844
0.599964555502
-0.482500716398
0.129860633081
NA
NA
NA
NA
NA
NA
NA
NA
