-0.21089364092
1.20840414756
1.52053520396
0.434488465073
-0.362231052931
0.0238683108101
-0.0427529080357
0.0703543233283
-1.04488477346
0.162440884789
-0.230737371159
0.695323885264
0.812635659509
0.0416615403875
0.571036192061
-0.388833295699
-0.0148194019412
1.15619879462
-0.675068169088
-0.173153497649
0.649237659448
-0.456334003323
0.830052980114
0.327380800262
-0.0703158182883
0.561236103798
-1.04707413738
0.0
0.0
0.0
-0.987608865857
-0.356324723059
0.34443385961
0.78007329213
0.261423405261
2.71672342781
-0.379663139467
0.558581849638
-1.53736737137
-0.342301316606
-0.10877314885
-1.84682077105
0.00881078358319
2.98805352436
1.33671085853
0.513617624468
-0.586396745739
0.521463156212
1.36242788572
-0.0200958920213
3.06195056933
-0.921654622411
0.186212113255
-1.47477148143
-0.458476837594
-0.0731771936924
-2.22040291031
0.155862760544
-0.455108149944
0.413298243067
-0.0573077478292
0.259950973183
0.111710981493
1.74944266693
7.61872614105
0.952840190423
0.906582042793
2.49105284675
-0.0927821612981
0.0757367655556
0.108109779842
-0.209968141231
-0.0886310023128
0.0632448460029
-0.382825756626
0.240873948435
0.00516358853506
0.277710473914
0.676496345556
0.332711140221
-0.336943406543
-0.535783291821
0.218975326849
-0.0885107975176
-0.00967351897211
0.378926683661
-0.163845869591
-0.164433833238
-0.0836172047367
0.231367066116
