0.259975053904
-0.0610964863257
2.10060781633
0.0976396044402
0.0367260639558
5.37450860985
-0.0751864603958
-0.0120589892546
-0.0396708682652
-0.102242037052
-0.0257929334543
-0.0980050556509
-0.0268683008089
-0.106809683124
0.921894701532
-0.21846739784
-0.0161572386983
-0.00668345299185
0.762193170047
2.12672132975
4.30014097959
4.95891334642
0.200278700446
-0.162214792115
0.00218574726792
-0.320859703256
0.162276308305
0.102369260576
2.53684430835
6.87538096931
3.07302417418
0.700957494558
0.764190488651
0.144640856459
-0.00331037067167
0.0466399679114
-0.171246122311
-0.0783316348237
-0.00265355515342
-0.0567973298155
-0.0449421870027
-0.137542626463
0.0754059769009
-0.0547582149671
-0.0616698276396
-0.267591499178
0.0934153091261
0.0283661990661
0.0259494621357
-0.0182278783102
-0.0382368889375
-0.00368093821092
0.0174090887133
-0.0706655496919
-0.0821152012835
-0.558842261772
-0.952576950741
-1.54192763624
-0.822860904208
-5.31538393044
-5.30039573802
-1.90760429284
-2.01797281829
-0.685234950679
-0.678768250016
-1.47732969529
-0.894493909444
-2.45041160439
-0.62124434472
-0.57994489901
-0.380152084469
-1.1937393777
-0.497989959968
-0.940952495981
-0.048214985618
-0.0838569546564
-0.794748730078
-2.24169292964
-2.81311908735
-1.55766634846
-1.24470464807
-0.565153588424
-8.78770308356
-7.28690293242
-4.5613227014
-2.4586780213
-0.311828710624
-1.59453278378
-1.95504921992
-0.486451543552
