-0.690834717379
-0.88102467762
-0.343526116283
-0.364754656308
-0.110971274115
-0.242435768029
-0.700037029193
-0.795643231265
-1.00728910541
-2.07918126485
-0.575003645375
-0.0575593073967
0.952029056302
0.261888710437
-0.146686058482
-1.50567302333
1.42206861457
3.16612559676
-0.506028949639
0.956648755084
-1.64856855734
0.621420147335
1.3218495293
0.764760253087
1.2259281434
-0.0922073482522
-0.105828350508
0.232208720329
-0.115528184765
0.25753805197
-0.201399384845
-0.0299130567932
-0.320529421486
-0.301085862907
0.770103721309
-0.105514284561
-0.0299068241832
0.274991694142
-0.384027755852
0.556813241539
0.0378778338861
0.575424039014
-0.669683336144
-0.588110706463
0.61254652267
-0.0388548794361
0.051055403224
-0.683982527735
-0.485897012588
-0.843772783061
-0.265828379437
0.041180399885
-1.91436413662
-0.446215423227
-0.110053931785
-0.263979383806
-0.380973923329
0.277993752846
1.82856229228
-1.01242416064
-1.27104442219
3.72535988588
0.570052201603
-0.26215369286
0.444539783723
1.56638217474
0.157947830297
3.25669002253
-0.15465121501
-0.268660805733
-0.186844388094
-0.310472843391
-0.228640586157
-0.0423804587754
-0.221118792978
-0.00250914739191
0.853353619431
0.17248088399
-0.104717438203
0.0170167915802
-0.00634175640973
0.314388814924
0.0109839427912
1.67445486176
5.29995246737
2.14195273289
-0.343678422088
0.595987945687
0.217488459122
-0.0155785826791
