-0.315169197132
0.96820796581
1.43783505875
1.15179206587
2.89301332487
1.23942901573
4.8689906345
1.38478226266
0.162617929756
0.0435137280858
-0.165595153705
6.21311517039
10.7578414713
5.46672509047
0.735215559673
0.0
0.0
-0.0374178126925
-0.253467613804
-0.081631407758
0.112994786824
0.578245562436
1.44692612593
2.0817997182
0.806303805829
-0.0339811880706
-0.139038652073
0.0101894557353
-0.158740001209
0.645722606633
0.145190770444
2.49000226056
0.158581063503
-0.1476293292
NA
NA
NA
NA
NA
NA
NA
NA
NA
NA
NA
NA
NA
NA
NA
NA
NA
NA
NA
NA
NA
NA
NA
NA
NA
NA
NA
NA
NA
NA
NA
NA
NA
NA
NA
NA
NA
NA
NA
NA
NA
NA
NA
NA
NA
NA
NA
NA
NA
NA
NA
NA
NA
NA
NA
NA
