-0.329159141516
-0.167299408874
-0.357102858099
-0.670722188969
-0.527012741169
-0.0416790259608
-0.651226249046
0.118072906062
-0.442268087361
-0.293277639735
-1.4664615179
-1.22319439087
-0.540075074998
-0.125319473429
-0.453397729276
1.10797300398
-1.70839055928
0.492587129348
2.17812361718
0.959170127646
-0.273943738982
-0.702255842276
-0.774672281719
-0.723123519443
-0.823235031149
-0.497996073044
-0.473903015333
-0.15223799818
-0.41395665187
-0.725230252744
-1.06822222334
-2.25973946186
-1.06211578547
-0.677745548486
-1.32983144976
-0.586640256637
-0.425376874103
-1.37875960055
-1.12164798245
-0.513132211079
-0.0284570555562
-0.23074669573
0.837829990562
0.550385000783
0.679849347913
1.87670775695
0.0
0.0
-0.0694224956939
-2.00813016715
0.457925878323
-0.525773392957
-0.909976831616
-0.727646338425
2.5916564767
-1.12040880955
-0.434494450719
0.998529553318
1.50307776419
-1.25046271595
-1.65699103559
0.772987329154
1.91832082694
2.51368800702
2.1085289416
-0.357165083523
4.54666038773
-0.198567928855
0.316126268348
4.55994140427
0.635082158714
-0.234063985308
1.71482894713
0.141088356973
0.499816391782
1.98743216002
0.997472985934
0.376982996991
0.165317153919
-0.169838355815
-0.236219121924
-0.846653867758
0.631548699636
5.77964314945
0.794547527722
-0.208048915728
2.99198690359
-0.145498987934
-1.03452729297
-0.308350883863
