-0.00975394490715
-0.736993047013
-0.120023432344
0.146149400041
-0.313933125435
-0.841145102154
-1.27707726019
-0.188904705975
0.599561091599
-0.31070126251
0.544576651934
-0.190014834572
0.000924474411081
-0.034213152045
-0.952432006632
-0.581197620241
0.184196521701
-0.965025004938
-0.130715491761
-0.308956851864
-0.42127178946
-0.0484759244788
0.0
0.0
1.93891287505
1.97461715746
2.56109824289
2.12537700854
2.63528553645
2.35416527271
3.63925503799
-0.656816989465
-0.166257351866
0.128873231335
-0.055689291102
0.097204513813
-0.242291852286
-1.13611345014
0.665395928432
1.30467654575
0.599938101046
-0.0265750527239
-0.0431728409305
-0.0457696162505
0.394271611855
0.265787878558
0.647531064373
1.94943088147
0.644807880567
-0.265556188448
-0.153500704404
0.0961416508625
-0.532148936954
-0.186418596177
-0.415737301028
-0.858194664082
0.62727981548
-0.129614904286
-0.487874541954
-0.532595707707
-0.117319202176
-0.0200646214047
-0.478043270916
-0.0449075740946
-0.17989334304
-2.32472870039
-0.853245456729
-1.06983869647
0.119858581791
0.285665243799
0.344503657094
0.146855571098
-0.721861928317
0.705234304435
0.0851399889147
-0.215738588463
0.275139719197
0.378514717819
0.446973384831
0.309732674499
-0.0535289164033
0.101266024507
0.00359509444307
-0.0257714507429
-0.0403538560035
0.0262742645415
0.0463531446552
1.8319779777
4.22732977046
4.12614550516
