0.194922943436
0.127798851146
0.0652086581631
-0.165750475798
-0.652802629789
-1.62200053267
-1.97741429435
-0.0357733710406
4.17588035211
-1.7174733534
-1.58218157801
-2.55738158684
-3.09142409846
-1.7355849065
-0.704829460777
-1.0164932895
-1.83718465819
-0.516145247008
-1.78865977171
-0.187835845908
-1.39187405287
0.0529820250333
-0.420986171335
-0.346528389338
0.930494897951
-0.807380615627
-0.826675067163
-0.135912578002
-0.91731938409
0.703914484192
-0.297866155891
-0.526286260269
0.0429266563174
0.319762319681
-0.117641027333
-0.379079355181
0.163223364442
2.91542044637
6.97330636285
5.32276485105
0.589111227042
3.82340526428
6.96007930638
0.391743415374
0.146321423155
-0.378494997168
0.591684246739
0.179489883213
1.10517491718
2.03661204208
1.02492710779
0.965453031264
1.71649635393
0.384313865906
0.465461676379
0.901063065262
0.247163309084
0.524855015002
0.0212545889042
-0.0140604799622
-0.257143119442
-0.376732659053
-0.557388192323
-0.420974068244
-1.46241552254
-0.596304203642
-1.45046708364
-0.605201835616
-0.290448380973
-0.587444200658
-0.383395204931
0.134001760938
-1.83551121342
-1.8444864738
0.00807608548236
-0.629474276519
0.271559543339
0.327326235275
-0.396172225549
-0.338813617264
0.333761548951
-0.146417262349
-1.68784407474
1.1195034084
-0.332321815944
-0.400916528784
-0.203030441007
0.0550381462394
0.00235285535183
-1.25747860551
