0.0198046640908
1.19216522327
0.796283381682
0.197650463771
-0.0443364821029
-0.0513865081186
-0.142391370926
-0.797546653832
-0.285823751727
-0.0857763972984
0.794923076758
-0.286077536347
-0.383079295382
0.471259917027
1.33265387452
0.319210218144
0.353993364074
0.0231839293777
0.472842870636
-0.188794806729
-0.749498721492
0.0477793839536
1.65910802
1.11574617365
13.420157697
4.06584593536
2.02611399247
-0.194109095329
0.0231464276202
-0.0716712783149
-0.79828647855
-0.326253284945
0.273681299754
0.28896644919
-0.989304982769
-0.206912663974
-0.605366677516
-0.0691708176912
-0.16403269549
-0.209111720716
-0.176328880596
-0.00820653119669
-0.141374760266
-0.0600976994868
-0.249520490336
0.0183379067506
-0.524286240454
0.553176471935
-0.196314131551
-0.204488323054
-0.529466472181
-0.351970005442
0.1622605563
0.171767373244
-0.0526234794716
-0.596553266311
0.287055765406
-0.25867147439
0.567960253653
0.166702985792
-0.26178958666
-0.47720073025
-0.341352561056
1.45631017508
1.82582148689
1.39372016543
0.833834825412
1.35381653887
0.758397951595
-0.793888834232
0.224230456091
-0.384207372695
-0.128929979515
1.34676082833
0.381337453456
-0.284460232071
-0.236766741466
0.041705089548
0.0
-0.0798341799923
-0.0640696826792
0.307916661985
0.572347883028
0.369523899053
0.361390699102
0.328364777436
0.671944846723
0.0284578522877
0.366500665796
-1.61685672131
