NA
0.800877083109
-0.025727073032
-0.179889220297
-0.132421257072
0.172474919617
-0.204927003999
0.302146978131
1.6643046412
-1.13529012573
0.413547603244
0.086568986743
1.41033347904
-0.230012861443
-1.44278618816
0.985814231021
0.150151091458
0.243528314616
0.568275237526
0.461947334876
0.526027695553
1.22427965813
0.445284136362
0.461378616503
-0.0413653291865
0.40804862972
0.0296259751553
1.33099426518
0.492347552113
0.496385398578
-1.49975374121
0.232965553454
0.168592433658
0.186226749976
0.875475809763
-0.174738782476
-0.064041328303
0.215588565601
0.169327919001
0.314694583088
0.480455710264
0.8419250339
0.855757778699
1.48723759972
0.498983117874
0.0787353852623
0.277734880453
1.03695389402
0.276745966052
-0.0727408668718
0.000541977221534
-0.0978002779571
0.115104083372
0.00813319010582
-0.306732467302
0.13573209536
-0.498512445252
0.635222685609
0.203573273362
-0.393478182533
0.113014306215
-0.0814228054452
-0.181726489882
-0.426730303581
0.165050594851
0.495327794863
0.212728731309
-0.77966480303
0.0118841298549
0.355141934677
-0.224864933591
0.0712727384404
-1.09092900082
-0.209292329208
0.782176166703
0.453426719111
0.9140537624
1.3180052193
1.67796018002
1.34494381105
0.0733451118229
-0.442580764024
0.358337825263
-0.740408319347
0.358359322499
0.0590454215542
1.14081043211
-0.106289287744
0.186895350321
-0.198302113079
