0.49066653873
-0.110967705775
1.50960933541
0.892111670252
0.910077172145
-0.00992255545017
-0.632527214056
-1.13964557381
0.606539574368
0.382620914858
0.369742887488
1.19574255044
-0.55087624104
-0.160501928039
0.0577116219167
0.0277432306494
0.212331912007
-0.297308324228
-0.422503042232
0.074921349819
-0.0292410687815
0.406040260962
0.972529988205
-0.327592594787
-0.201316527161
-0.0671827009736
-0.38468057421
0.525120368131
3.17911259152
3.04800991308
0.908008495226
2.92220731562
1.2707786257
0.370775487357
0.79276083199
0.35222581167
0.613342395046
0.125451352457
0.99522299325
4.49636209801
1.93629008019
0.388141358515
0.652829191116
0.0523268546259
0.096630345134
0.245440075616
-0.173492579612
1.73014204598
1.23438543558
-0.243722782216
-0.34013168506
0.193829389217
0.803746177571
-0.204995462858
-1.14965684797
0.242037926589
-0.512574801075
0.535416967329
0.0327828608091
0.0409901850908
0.437182854289
0.417480727032
0.190844683965
0.382145614457
-0.268368662725
0.0852261337135
0.273591363999
0.803255009824
0.359327750718
-0.0485539524678
-4.47098317621
0.245113549315
0.404755390596
0.582130203742
0.0429565569324
0.621841692623
0.667070671667
2.09798486178
-0.192279233104
-0.58712685602
0.100842014091
-0.220607747186
0.682740592419
5.57368125408
1.56456514608
0.558273428668
0.0319434412838
1.11382276963
2.69429931675
0.405313064224
