-0.159859392361
-0.60767756543
-1.55457533985
0.191789103781
2.98040160534
2.34389413008
0.0244017090707
1.04879016319
0.367329200444
0.730784401929
0.241866862702
0.00548362280767
-0.0546144933826
-0.00937265528594
-0.488966801356
-1.31755452064
0.133199758174
-1.53619580602
0.532153868951
-0.17965274326
0.167478600591
-0.171078529889
-0.189196486261
-0.820394093053
-0.0319273982421
0.26064361525
0.201469473978
-0.440529691643
-0.333224743525
0.263029301167
-0.187687854313
0.0665318259276
-2.01185189631
0.0
0.0
0.0141968858489
-0.33512352066
-0.0635632834854
-1.44224580629
0.639477956086
0.688192238852
0.368924403129
0.240814757113
0.352953970394
-0.729403088671
-0.0654372553798
-0.117678126126
-0.140320190251
-0.158246040008
0.549251442189
0.666971640163
1.47578866151
1.33663038291
0.152846587637
-0.320327013199
0.72679541002
1.09299907645
-0.153309111689
0.282754647823
-0.655922848504
0.594352487041
0.788939252952
-1.85238894176
0.834205968347
-0.527328209972
-0.00622193678063
-0.244716183258
-0.0678689166446
-0.290167412895
2.3284854832
8.40671477138
2.60187594622
-0.193524488866
6.17898254526
-0.449110955123
-0.0176953168218
0.224348721202
-0.0163993761555
0.0981839240941
0.0542409263993
0.246069107151
0.295654363484
0.774213583724
0.289225755765
0.544583147784
0.0790421180999
-0.206316822201
-0.480875306714
0.0334447874195
0.0674194770074
