1.2881776576
1.05850036811
-0.409819792499
0.0818175127986
0.335927989057
-0.34505646702
0.455338755839
-0.0963513607968
0.472721160087
2.45463620834
-0.0155483238813
-0.0213611987312
-0.529329349848
0.709822730977
0.223297163819
0.364170382103
-0.00780265944212
0.0873386608005
-0.446088123879
0.0
-0.246788351299
-0.45846335283
-0.12093407606
-0.152909482655
-0.951333992493
-1.81823883117
-0.150462851042
0.38249388094
-2.11129303191
-1.06445398516
-0.870268731558
-0.642037327936
0.285350067109
0.451353482927
-0.0937717798344
-0.0829939737669
-0.68112378515
-0.614153992112
0.208358099849
0.381685270641
-1.98407468537
-0.163401305373
1.93968748046
0.193681448561
-1.04616144727
-0.489455382458
-0.822648970044
-0.785658501364
1.26609180591
0.331997701156
0.167963994528
-0.278218187315
-0.0730107320896
0.0
-0.245610792772
-0.124004667835
0.0631058501896
0.329257321249
2.44747912553
0.0360817491114
0.822868368249
1.3306976708
0.0122651192759
0.252582448646
0.0
-0.139217353281
-0.0969540077744
-0.273665473843
-0.370206355287
0.142561936106
0.143289372971
-1.23706972775
-0.946107004588
-0.0721129245682
-0.0802361454682
1.62893466492
-1.20306350886
-0.0377499543751
-0.0240462372099
0.235996998481
-0.0082099389384
-0.842930343586
0.416110058668
-0.0926704551861
1.16417699909
-0.422121309117
1.70449196984
0.088435353548
0.702105133556
-0.153074549518
