-0.0287191132683
-0.00394124953473
-0.0235812852691
-0.167888151627
0.27743415987
1.51952775837
3.12947696472
0.327398882214
0.0614215095985
0.0132548281582
1.08046362597
0.392670400054
9.69867302305
1.96654322107
0.729505940641
0.440637993832
1.91954649563
0.804993882837
0.841775622924
5.08894549325
8.42668395851
3.42914173814
1.20959674855
4.38279175209
0.517349054258
0.129207579994
0.229802029568
0.921171932947
0.140095382487
0.0157368160844
0.076799988744
0.228731354709
0.787842876178
0.354639869508
0.23550766837
0.0446975310992
NA
NA
NA
NA
NA
NA
NA
NA
NA
NA
NA
NA
NA
NA
NA
NA
NA
NA
NA
NA
NA
NA
NA
NA
NA
NA
NA
NA
NA
NA
NA
NA
NA
NA
NA
NA
NA
NA
NA
NA
NA
NA
NA
NA
NA
NA
NA
NA
NA
NA
NA
NA
NA
NA
