4.30855640994
-0.181995787869
-0.133808633407
-0.500430290771
0.156202556206
-1.76571321215
-0.231897226828
0.16367941969
-0.781593773695
0.0510569442514
1.07777351432
-3.5231222146
-7.0490521788e-05
-0.150151781491
-0.721890556646
-0.253075100931
0.818882307597
0.699936533726
-0.0423735210984
-0.225164810412
-0.798283299016
-0.0436252910877
0.227719650155
-0.795485350125
-0.822582861126
1.6462848585
-2.30980349701
-0.693153299504
0.017851400141
-0.267519648663
-1.69776284744
5.35300432246
-0.0809023257464
-0.0147942113989
-0.199130945281
0.344512052694
-0.478226303857
0.156185376396
0.429642954563
1.43292287584
-0.0351143667326
-0.160841285158
-0.425240792083
0.633175252022
0.485090478301
0.525422487227
1.20038196666
1.8086720876
0.564911412648
-0.108054987773
-0.212343751853
-0.512255591659
0.0206830314189
-0.302358862402
-0.397716255106
0.176660008859
-0.138541719907
-0.554324201484
0.404640252982
0.0662520721837
-0.130168026285
-0.240711727964
-0.289778002544
0.427888471487
-0.350520345559
-0.1935537277
-0.0782562463678
-0.00137852533828
0.0101480160987
-0.150720092997
-0.109293779023
-0.0465958907406
0.647532303136
0.123246581999
NA
NA
NA
NA
NA
NA
NA
NA
NA
NA
NA
NA
NA
NA
NA
NA
