1.41401151615
-1.9836848167
0.393675432599
-1.32351970295
1.10411328788
-0.108415923469
0.0728833221292
-1.16083620232
-0.405706568739
-1.15178137522
-3.1709633536
-1.3261992381
-1.35161218658
-0.281650547923
-1.12168348642
-2.2063719353
-0.842575018791
-0.239284387964
-0.095181553584
5.93036737658
0.248882163207
2.370186444
0.35011012355
-0.361615713079
-0.959569037655
-0.961052562161
-0.361544183319
-0.715276784341
-0.487298965586
0.33272199172
0.765440439725
1.15943928868
-0.134548645557
-0.023736067148
-0.745577249463
-0.517420877659
0.097540817543
-0.477235246909
3.1414106831
0.597995519133
0.370723817234
-0.648992433044
1.95665480399
1.72531164416
0.149628975981
-0.285556737946
-0.337246723674
-0.4943752746
-0.590436028206
-0.19992047487
-1.52976607308
-0.208147241382
-0.626719806475
-0.214402183047
-1.18251558275
-0.712306610338
-0.626772484805
-0.45523395401
-3.28854845497
0.627865153923
-0.341574698961
-0.330575207995
0.324022307835
0.829424891144
-0.86805333634
-0.531002829837
-0.54819009373
1.19262320444
0.0210523753899
2.07251020479
-0.303422454782
6.58333282819
5.04420989387
0.521588539116
2.13576917228
0.0453677738623
-0.617540702791
-0.713647191156
-0.768995310929
1.31536616133
-1.04959714344
-0.218201798116
-0.185324083743
-0.0165143786314
-0.20032650957
-0.025953232009
-0.432581665909
4.94732818321
6.91033679541
4.13721645438
