NA
NA
NA
NA
NA
NA
NA
NA
NA
NA
NA
NA
NA
NA
NA
NA
NA
0.201581080749
0.0693780701078
0.434061948593
0.0
-0.298609993004
0.0699867171102
1.22710044
0.421040090135
0.425293020338
0.476328182779
1.26733487853
-0.336594313496
0.294683694988
-2.27734208329
1.78047086396
1.50673648932
0.263809580285
-0.147849013982
-0.414454478715
-0.03076898317
-0.136082769921
0.121133669671
0.0352895220937
0.387458916574
-0.667908796438
0.0
0.129526396388
-0.233911161186
0.356157840603
0.0460908691992
0.336832072108
0.0411166943895
-0.117668724377
0.210772164882
0.25982491604
0.343706196029
0.276039980587
0.182268437288
0.0508700001026
-1.07620437164
-0.304117397556
0.374257857898
1.0183970721
0.930452076595
0.274279883705
0.337698619509
-0.325049960679
0.63832499246
0.0683536630029
1.00506344097
5.6775191969
4.17630858636
-0.289149184707
0.0865150870141
0.290372475955
0.0
0.0
0.355604051099
0.639961169865
1.18291103271
0.179075112474
-0.0899407641229
0.326914166427
0.0163748729412
-0.09916970889
-0.78662437222
-0.492114676172
-0.6230954424
0.318969765254
0.623557394552
-0.193250555562
1.08076332954
-0.222952245474
