-0.992208973584
0.515473030762
1.32225609103
-1.20913679151
-1.03138289421
0.758230404408
0.523253051577
-0.130942612676
0.18734684621
0.347625850869
-0.472246438916
-0.12556240117
-0.094253334904
0.316586114451
0.0
-0.0954414021507
0.0
-0.0960467387394
0.0
0.492022824084
1.72786846339
10.7218544013
1.9235703186
2.59447029984
0.705599821789
0.312592482273
0.0
0.0
0.208874057121
0.0
0.0
0.106393694201
0.121508894518
-0.373910349167
-0.18734064917
-0.186122184944
-0.601673032024
-1.08867904487
0.495524494991
-1.26062693932
-0.744907326274
-0.558385018879
-0.245072545686
-1.88388304652
-0.996713552536
0.260737524377
-1.14465217677
-0.480969384229
-0.713561896708
-0.866085236848
0.139405095523
0.176537743297
0.667883134681
-0.188766681235
0.540126774092
0.819053852838
-0.0693461869641
1.08345400796
0.0742394800532
0.711440165153
0.0780209087134
0.0898491684287
-0.0415984471766
-0.478104501531
0.00106882634276
0.859883455071
0.225237019081
-0.0353512425317
-0.106362557621
0.264798450743
1.17034413795
1.21077765835
0.12646586607
-0.0768312614083
0.323125510698
-0.449001899871
-0.246687794057
0.217252910229
0.11133191378
0.109206988999
1.02212932712
0.181222871043
0.779438117564
0.113010217472
-0.160814539553
-0.0839297638995
2.06505540289
0.428983986509
1.68982758888
1.07845581523
