0.212639351507
2.64315647405
1.71140811394
2.85251356598
1.7810919211
-0.283495150302
-0.0854164767589
-0.0398677691347
0.917894645907
-0.0272719046207
-0.0274586800625
-0.196553621939
-0.454181841399
-0.175399534021
0.115894825725
0.330227342109
0.473978891827
0.63870210682
1.3379762347
0.552717871722
0.396323928164
0.836101544562
0.171678780541
NA
NA
NA
NA
NA
NA
NA
NA
NA
NA
NA
NA
NA
NA
NA
NA
NA
NA
NA
NA
NA
NA
NA
NA
NA
NA
NA
NA
NA
NA
NA
NA
NA
NA
NA
NA
NA
NA
NA
NA
NA
NA
NA
NA
NA
NA
NA
NA
NA
NA
NA
NA
NA
NA
NA
NA
NA
NA
NA
NA
NA
NA
NA
NA
NA
NA
NA
