0.26431494426
-0.808819322263
-0.677393186133
-0.243551522256
0.994863771054
-0.423160959818
-0.614329440573
-0.267265852525
0.0702412148484
0.674246098931
0.0254810398252
0.974224991628
0.249527608012
-0.0330395055234
-0.368166017086
0.646450557734
-0.0204854981885
1.5438801769
3.87132536695
0.325904578091
0.203629121792
-0.220777878114
0.0457087561084
0.2945845
0.810695548946
1.87582441206
-0.928782135845
-0.219368484733
-1.32361268761
-1.35035317911
0.478998464585
-0.525554263873
0.0745484138379
-0.716117127763
-0.831375156868
-0.82193461579
-0.793132494847
-0.655419372832
-0.542310415214
-0.359948761603
-1.75381558711
-0.227007529157
1.19279326482
1.1768837788
-0.686113961497
-0.510145744588
0.30438172085
-0.874694109156
-0.34904610697
-0.304783187236
-0.673882968633
0.094130668199
0.307824831665
-0.170002502529
0.272944070534
-0.285052453337
0.134206631756
-0.0318325178222
0.554360541811
0.291450658759
0.0609008577533
2.43856305787
5.3810968096
1.6235714099
0.67540155471
1.3406093401
0.935840260018
0.232224920673
0.170688775682
0.0157278027063
0.540747657633
0.635514211335
-0.013311225787
-0.67843576665
-0.32855721549
-0.190271212992
0.492560953158
0.560095452612
-0.352120159914
-0.571948921882
-1.09920609246
0.0168100872103
-1.01387100936
-2.78542775869
-2.34207982905
-2.91952507458
-0.856393394459
-1.48332320164
-1.82228282116
-0.887793068251
