0.00143232204954
-0.0836981566176
-0.573318970616
-1.20954946687
-0.0966174611005
-0.155912761958
0.0548777072933
-0.232849334099
-0.0979510278368
-0.360561454512
-1.65191682615
-7.00940898808
0.438572992551
-0.789742713078
-0.51828435524
-0.786519198428
-0.265027007047
0.208521374303
-0.41397999656
-0.779857980762
-0.383462240403
-0.370661746495
0.356829666007
-0.328370030151
-0.523608469266
-0.918982755889
-4.3652593794
-1.45215141846
-0.0274690894386
-1.03112775673
-0.365400508096
-0.201659545629
-0.362452379634
-1.09872041025
1.01255944302
-0.650884483172
0.602059948355
0.267601047175
1.23520159378
0.225161037716
0.169930782244
-0.243025483272
-0.0948940254112
1.19734676714
0.812548099421
0.665283981813
0.36203567925
-1.18489203254
0.120471930532
1.9883400368
0.921247200653
1.0120195118
-0.0786996738445
0.0559767705814
0.374918758829
1.64594975099
6.29988961924
6.01406681348
3.9036985991
0.878234415406
3.51741017134
0.378032942805
-0.294176858215
-0.140979568466
0.211924261603
0.428390630786
NA
NA
NA
NA
NA
NA
NA
NA
NA
NA
NA
NA
NA
NA
NA
NA
NA
NA
NA
NA
NA
NA
NA
NA
