0.0596806653919
-0.217804664605
0.0692968003919
0.134751677078
0.193822438786
0.273179287167
0.483635188234
-0.169778923623
0.194676197598
-0.278251625923
0.632061379828
0.368703840725
0.121778313883
-0.437926252687
-0.278694785269
-0.189977907335
-0.475668559848
-1.33163460269
0.271344102006
0.0682357053401
-0.0630592362352
-0.552578751399
-0.392922562104
0.0476088887293
0.0430380123916
0.492997940347
0.0040889124745
0.0685562630502
-0.183222916652
-0.0961351338702
-0.326436676081
-0.514117919628
0.420958629437
0.203797105632
-0.814785108152
0.925568707266
0.471016330334
0.927647585311
0.207957346151
1.0036051591
-0.225666605805
-0.400835788887
-0.260675705724
-0.268636836503
0.363160199496
0.363071622717
2.16851934829
0.239562656019
0.180909406575
0.286825995423
1.53423974169
-1.04050937771
-0.252484145339
0.998435060188
1.08405492219
-0.166966943251
-0.691906525531
-0.246571468854
-0.387862569555
0.613568124281
1.15554132625
4.43343340877
3.16001195528
-0.330409586777
-0.100488434592
2.24309120691
0.188471296451
1.67487558345
-0.271734233994
-0.553520150705
0.21371410192
0.206391297227
-0.0626301170338
0.206423608978
-0.33364606049
-0.457851573944
0.135417885526
0.127160110958
0.398809748904
1.05065318813
-0.228146742409
0.536716602187
1.21788588
-0.198287922572
0.381811976053
0.4144908597
-0.215215076893
0.154897381532
-0.241031098971
-0.0171906444809
