0.0
0.0
1.16555705277
0.760068537824
-0.161021352364
-0.104933065871
-0.0524154954523
0.0374854970906
0.164324167487
0.113709795745
0.437285287147
0.08591636935
0.843280594559
0.57638496616
0.169864024302
-0.406078284874
-0.526766240712
1.08681086462
1.32394844771
1.27256709868
0.577378793844
0.139090485789
-0.65034459022
1.54228194938
0.689935225897
0.256813484904
-0.81241556129
0.141649172375
-0.251542090865
-0.125019057888
0.719783526985
0.0864516133729
-0.152289006483
0.11468546166
0.105046815404
0.179527382637
0.40008727986
0.218040520329
0.180440881006
0.283190277323
0.302638039779
-0.857680917435
0.446283674123
0.356206393305
0.465567157186
0.921212424561
0.290912867371
0.0141420323056
0.154559293674
-0.0139521427684
0.322553228867
1.36706909201
7.44411117303
7.96934065024
0.476165979919
2.16881277198
0.0635180301331
-0.250208010397
-0.0672216137993
0.593889427865
1.09145257203
0.769644710846
0.458919007569
0.704071427221
0.467197664781
0.0874962472746
-0.105112713914
-0.67435447935
0.757235323522
0.43122596572
1.64137391801
1.76659525007
1.45713871017
0.146521305881
1.39577643613
-0.0980030441763
-0.252042590425
0.0558518711343
0.274334396432
-0.940402023869
-0.0965065945421
0.285565399086
0.0409370532238
-0.560366737894
-0.210063934055
-0.702504714665
2.13109982329
0.0536103194155
-0.917877521798
0.0276379435811
