-0.311340982441
0.222199210367
0.578718883829
0.175099825833
-0.192517266592
0.21715297255
-0.433440745614
-0.697095462768
0.517565368006
0.203372715601
-0.935640036521
-0.00603667833213
0.0305139634467
-0.0588374898353
1.23807403242
1.24313210273
0.621025639162
0.281168366163
0.513144502555
-0.109914654032
0.0199199725736
0.348835207361
1.93536360756
4.35935549445
3.82696533189
0.0469070325031
2.82846651622
-0.674495494142
-0.21966814
0.320780653013
-0.0840126664225
-0.141370362841
-0.12582737
-0.523478592556
-0.201311247747
0.0904293863942
-0.971070307057
0.0491097502021
0.660348429955
-1.2410647616
-0.0504566987418
0.107382911293
-1.80668286686
0.20025162406
-0.268673785555
0.956119595527
-0.265793842897
-1.68633263122
0.523275806193
1.08917930381
1.29272846413
0.0656552271855
0.626593312309
1.51615006411
1.1904834054
-0.271983872836
1.0919802673
1.09287105287
-0.647566511787
0.720553368995
0.228964251291
0.147400941636
0.231174990106
0.143700492704
-0.736550253315
0.225906514043
-1.10629288126
-0.10019445866
0.128600474069
-0.196428053459
-0.420685259795
0.101051841825
-0.326931008383
-0.128017752533
0.933108763039
-0.304577878171
-0.112845001537
0.292807124613
0.305007741704
-0.884957893105
-0.219845252847
-0.406947393538
0.0120693577061
-0.192449674801
-0.353908138778
0.719267507109
0.826031963192
-0.545826493085
-0.109659272816
-0.802416396759
