-0.0626036868136
-0.69676683159
-0.127233688794
0.153729315844
0.11507678676
0.194468322911
0.0877986765914
-0.0135247791299
0.166042968387
0.249507818368
0.184867081046
1.01970880096
0.512826454798
1.15477558858
0.703865021497
-1.0435170247
2.20546939825
3.80174287745
1.92935874791
2.82300875106
0.507625024845
1.80805346273
2.75060785478
0.421044463629
0.355188721476
-0.303406027328
-0.0733746647967
-0.107427510682
-0.298496806623
-0.28231995877
0.128385341809
1.55372337924
0.0707351808822
0.0247337447811
0.0933806243402
0.0505078571593
0.0427855290214
0.0577737392995
2.63388538256
5.23513782096
2.68085952669
0.527921629356
1.67231431876
0.0150462333244
-0.0248230110188
0.004179314055
-0.0527777516457
-0.373340679268
-0.0991535528391
-0.311054260321
-0.418828691632
-0.457793865101
-0.0719761085137
-1.35460415402
0.0709591126192
0.597123998698
0.405733422954
0.555256989276
0.0462583104893
0.247605160168
0.291538318565
0.556183883729
-0.820946999381
-2.2115029724
-0.361968018797
1.17280371291
-0.0155987872167
0.0670977826627
-0.285318156739
-0.036496573205
0.0269122950339
0.142090664248
0.210230472553
0.628066354828
0.4879964354
0.507180330485
0.611784332039
0.837985290069
0.549760163196
1.16800146281
0.0635933467414
0.0914278356115
-0.189910324692
0.60794136499
2.28581776746
0.074112712637
0.172106073166
1.02385986008
0.391894570396
0.0010070130925
