0.59925429068
0.663598878705
1.82327857324
0.846434359432
-0.0391428998947
-0.0543434043353
-0.167572336607
0.28233879391
0.425455168708
1.13997246733
0.814367929365
0.741667253809
1.93462898169
0.241927869003
0.284193003954
0.537790989524
0.0617254311089
1.81027589511
1.06685177695
-0.60583856436
-0.624010808038
-0.833371181416
-1.33340682168
-0.623432502279
-0.770021811542
-1.20797717969
-1.187487345
2.55219886732
-1.70851071474
0.297398306855
0.210496330651
1.56288026245
-1.49109798497
-0.703972977714
0.588243345839
-1.71455719684
2.32366976295
-2.49252156893
1.52805226319
0.00707140326654
0.210032737114
0.297896724173
-0.347914835806
0.1638885002
0.293185085547
-0.00235004677366
0.416513633043
-0.0058544357559
-0.157580161058
-0.100657642289
-0.0099487254547
0.0374647524509
0.254154909075
2.09483378299
6.72187308355
2.11205513714
1.38875468873
-0.449214869119
0.160667846346
0.222803672387
-0.0404741011908
-0.0865768382436
-0.00875109942114
0.0528594945604
-0.248071610653
-0.129173380776
-0.130293310372
-0.0477695166852
-0.168390778687
-0.716433418297
-1.51054222734
0.554617603889
-0.783243571826
-1.83794321049
-0.873516251553
-1.25835655513
2.90599346142
-2.07660108025
-1.29216396207
-1.59127791876
-0.375127398961
-0.351861159742
-0.664533549817
-0.3214594803
-0.261029003913
0.291054214169
0.486385886967
0.193385962775
1.46466025181
1.80743807062
