0.36645407084
0.547206564188
0.948348770992
0.0075782420535
0.707271717273
0.717284439728
-0.067849575093
0.803949266107
0.606407007434
0.310018302526
0.214298519733
1.19428420837
0.0269168499805
-0.00871772605033
0.0305495513539
-0.179311778413
0.00698615094745
-0.02332717731
0.0491291786881
-0.0309871564797
0.0815188628086
-0.392922275482
-0.0119623379331
-0.240373945313
1.06772853673
3.68963759145
0.367863193024
7.76898974124
-0.341646055133
0.202713454415
-0.46180713913
-0.315838427199
0.205393336247
0.379053117648
8.53297391057
12.0168919056
9.66345727682
-0.103275883462
-1.13558595469
0.591596724881
0.451999255413
0.166581976485
-0.08464103929
-0.0135009144581
0.125674243268
0.160553707927
-0.225504987909
-0.30265995602
0.104354620709
-0.381959382897
0.176537925821
-0.0899832016563
0.0675233220994
0.123761248371
0.173073803157
0.0724946562926
0.0777635766306
0.014420572098
0.0271885317932
-0.0634806396675
0.10123709864
-0.227170476334
-0.0517838201319
-0.86159309876
-0.123793953594
-1.45014882042
-1.6528121705
-2.03363456615
-0.261024263735
-1.03605896984
0.19989656201
-0.766015117955
-0.116791933739
-1.23891643917
-0.723860185615
-0.0881136245627
-0.176595006848
-0.687523268313
0.116890595937
-0.417073285232
-0.192780962207
-0.151436362855
-0.42270560163
-0.726200891739
-2.62469115777
-2.19450253449
-0.213177523992
0.216247485995
-2.68612024559
-2.71827424056
